1.000019852119		0.000182076457
0.99991159125		0.000203816871
0.999587296047		0.000271116884
0.999048334141		0.000389616304
0.99829667021		0.000566730035
0.997334365721		0.000808900423
0.996162914827		0.001119574609
0.994784104151		0.001502718577
0.993199751405		0.001961895668
0.991411130032		0.002498318586
0.989419430054		0.003112671783
0.987225617726		0.003804682523
0.984830037107		0.004571905205
0.982232812332		0.005411058994
0.979433575114		0.00631713217
0.976431372559		0.007283029395
0.973224965694		0.008300336353
0.969812631645		0.009358470903
0.96619306134		0.010447291561
0.962365476419		0.011557395528
0.958329612774		0.01268012047
0.954087085493		0.013812708544
0.949640205536		0.014954764688
0.94499216496		0.016109328885
0.940146998379		0.017283100849
0.935108694024		0.018482869608
0.929880063181		0.019710484572
0.924463876147		0.020967379251
0.918862551959		0.022253180076
0.913078259514		0.023566066909
0.90711348332		0.024905233
0.900971412251		0.026272682606
0.894655467289		0.027671183741
0.888168300486		0.029099721758
0.881512036083		0.03055451425
0.874689232417		0.032033366933
0.867703442495		0.033538332901
0.860558445958		0.035072233954
0.853257047176		0.036633041018
0.845801492823		0.038215754212
0.838194387876		0.039816663714
0.830438977908		0.041434738241
0.822538642643		0.043069274254
0.814496565943		0.044718306522
0.806315888614		0.046379322688
0.797999783226		0.048049617825
0.789551487835		0.049726462133
0.780973919237		0.051405128456
0.772269038036		0.053075468872
0.763438752174		0.054726191486
0.754487661576		0.056359756775
0.745422172006		0.057988671205
0.736245615773		0.059608504374
0.726957358567		0.061191239764
0.717556764702		0.062705556852
0.708044895204		0.064125756772
0.698424307273		0.065430415494
0.688701159558		0.066621391623
0.678883022691		0.06771383675
0.66897673898		0.068721130442
0.65898870677		0.0696560603
0.648924593455		0.070526431379
0.638789336088		0.071332889239
0.628587810327		0.072075301697
0.618325071986		0.072756029023
0.608006182637		0.073378110551
0.597636073853		0.073942982203
0.587219617667		0.074451177826
0.576761702927		0.074903572062
0.566267226271		0.075301384188
0.555741071179		0.075645755019
0.545188102245		0.075937502341
0.534613180646		0.076177551099
0.524021170313		0.076367421653
0.513416920254		0.076508871927
0.502805241421		0.076601570869
0.492190942636		0.076643188736
0.481578863759		0.076633348227
0.470973832208		0.076574788861
0.4603806359		0.07647022908
0.449804055914		0.076320086259
0.439248880608		0.076123758657
0.428719897506		0.075880760855
0.418221896096		0.075590496943
0.407759618273		0.0752537761
0.39733770727		0.074873518355
0.386960788487		0.074451857107
0.376633582699		0.073987883843
0.366360858553		0.073479632432
0.356147301761		0.072926853243
0.345997513915		0.072330509359
0.335916024067		0.071692179262
0.325907248674		0.071014484001
0.31597560173		0.07029929489
0.30612562136		0.069546223419
0.296361878612		0.068754224606
0.286688805668		0.067923739554
0.277110700863		0.067056326503
0.267631850751		0.066153139892
0.258256548411		0.065214806593
0.248989052882		0.064241903749
0.239833598588		0.063234870292
0.23079435915		0.062194336342
0.221875341238		0.061121965454
0.213080381338		0.060020301289
0.204413436682		0.058890401029
0.195878735684		0.05773092767
0.18748036872		0.056541420662
0.179221979731		0.055324262991
0.17110703755		0.054082478931
0.163139416283		0.052815980412
0.155323366605		0.05152218544
0.147662570806		0.050201894194
0.140159706171		0.048861257243
0.132817604456		0.0475047574
0.125640254205		0.046130178543
0.11863195419		0.044733787515
0.111795945335		0.04331722612
0.105134458272		0.041886534069
0.098650154689		0.040445056208
0.092346607143		0.038991695504
0.086227301164		0.037525730742
0.080295364295		0.036047877652
0.07455365711		0.034559753322
0.069004934492		0.03306315897
0.063651828131		0.031560120042
0.058496811497		0.030052996838
0.053542267839		0.028544201224
0.0487905334		0.027036089353
0.044244611928		0.025528808332
0.039907529721		0.024022570166
0.035781746554		0.022519339353
0.031869173427		0.021022514965
0.028171713896		0.019535394829
0.024692017657		0.018059406827
0.021432302732		0.016597238912
0.018395277132		0.015150713938
0.015583209469		0.013722961808
0.01299804209		0.01231811967
0.010641359509		0.010941214369
0.008516389572		0.009595126335
0.006636778195		0.008268966492
0.005010334365		0.006965508199
0.003624225246		0.005714277907
0.002453953506		0.004551671457
0.001500567104		0.003484476094
0.000806605426		0.002490906926
0.000370324661		0.001599620398
0.000139391365		0.000862683532
4.4843303e-05		0.000318993626
2.148796e-05		-1.1382466e-05
1.9892739e-05		-0.000121786358
2.159235e-05		-0.000232607091
4.7689809e-05		-0.000564034797
0.00016466415		-0.00110546451
0.000457100452		-0.001823358087
0.000975071537		-0.002674161338
0.00171375658		-0.003640749263
0.002664215971		-0.004717784045
0.00385300407		-0.005870215379
0.005302484004		-0.00705845112
0.007013205364		-0.008262583477
0.008971410149		-0.009485779393
0.011166268739		-0.010733365352
0.013593654203		-0.012002935841
0.016248578551		-0.013295514679
0.019130942107		-0.014603018553
0.022241251779		-0.015915471008
0.025577583027		-0.017227968787
0.029135944131		-0.018541274102
0.032913055407		-0.019855081369
0.036907223419		-0.021164822937
0.041116502937		-0.022466438682
0.045538549149		-0.023756928379
0.050170589265		-0.025034714697
0.055009751849		-0.026298616439
0.060052921278		-0.02754849494
0.065297414655		-0.028782490271
0.070741083629		-0.029996144877
0.07638152006		-0.031185555981
0.082215789511		-0.032348835402
0.088240724186		-0.033485039787
0.094453295493		-0.034592257181
0.10085044041		-0.035668410854
0.107429226211		-0.036710125335
0.114186809707		-0.03771267501
0.121120026291		-0.038672564045
0.128225282616		-0.039588736703
0.135498886203		-0.040460583263
0.142937290687		-0.0412858364
0.150536938056		-0.042061577524
0.158294346293		-0.042782966869
0.166206006474		-0.043443702106
0.174268137445		-0.044038531953
0.182476703081		-0.044563596419
0.190827554405		-0.045014751087
0.199316430761		-0.045387325193
0.20793905579		-0.045672687928
0.216691179451		-0.045846981139
0.225567622645		-0.045879519074
0.234562209997		-0.045766146997
0.243669078723		-0.045522619715
0.252883208392		-0.045167813866
0.26220039044		-0.044723940767
0.271616832097		-0.044210181656
0.281128540476		-0.043636293933
0.29073145719		-0.04300892676
0.300421642469		-0.04233564045
0.31019525006		-0.041624462211
0.320048263534		-0.040880655501
0.329976367757		-0.040105544461
0.339975249888		-0.039300794097
0.350040843119		-0.038471304962
0.360169218171		-0.037623660635
0.370356146552		-0.036760952994
0.38059706307		-0.03588254515
0.390887437747		-0.034988521769
0.40122296577		-0.034081792171
0.411599441159		-0.033166544048
0.422012486161		-0.032245165882
0.432457545382		-0.031318207114
0.442930095579		-0.030386737526
0.453425758307		-0.0294535868
0.463940222405		-0.02852246369
0.474469003997		-0.027595243237
0.485007425132		-0.026671680515
0.495550800791		-0.025751485587
0.506094505746		-0.024835071794
0.516633943979		-0.023923188888
0.527164610317		-0.02301762486
0.537682158502		-0.022122009425
0.548182210671		-0.02123962215
0.558660098792		-0.020370251597
0.569110911305		-0.019510580985
0.579529933015		-0.018659445779
0.589912815653		-0.01781999991
0.600255321958		-0.016996679222
0.610552990118		-0.016190998161
0.620801114085		-0.01540110716
0.630995058231		-0.014625685954
0.641130384495		-0.01386565942
0.65120278066		-0.013123330063
0.661207896266		-0.012400190115
0.67114132441		-0.011696587142
0.680998667285		-0.011012545306
0.690775539533		-0.010347761259
0.700467562145		-0.009701457023
0.710070432448		-0.009073389359
0.719579998972		-0.008465029342
0.728992195116		-0.00787863944
0.738302903626		-0.007315099701
0.747507906454		-0.00677288938
0.75660303384		-0.006250371109
0.765584251442		-0.005747324392
0.774447655777		-0.005264977808
0.783189371436		-0.004804213338
0.791805530852		-0.004365097447
0.800292300587		-0.003947270616
0.808645910395		-0.0035504636
0.816862657119		-0.003174561503
0.824938898865		-0.00281946328
0.832871067146		-0.00248533552
0.840655669721		-0.002172700341
0.848289259971		-0.001881667295
0.855768399927		-0.001610794338
0.863089700571		-0.001357869557
0.870249887691		-0.001121744835
0.87724584889		-0.000904016489
0.884074539091		-0.000706462109
0.890732920184		-0.000528849408
0.897217961225		-0.000368214926
0.903526731091		-0.00022193968
0.909656436326		-8.9647026e-05
0.915604391476		2.7597597e-05
0.921367973366		0.000129295853
0.926944611077		0.000216468758
0.932331814054		0.00029056863
0.937527173405		0.000353698321
0.942528356184		0.000409510491
0.947333129105		0.000461268078
0.951939370512		0.000510220553
0.956345065211		0.000555831177
0.960548285357		0.000597579863
0.964547191767		0.000634884672
0.968340032802		0.000667254242
0.97192514736		0.000694001551
0.975300972854		0.00071260952
0.978466020371		0.000720945914
0.98141887079		0.000717779882
0.984158177182		0.00070230347
0.986682674435		0.00067480727
0.988991183841		0.000635944781
0.991082612668		0.000586526393
0.992955986715		0.000528516884
0.994610451562		0.000464331778
0.996045270207		0.000396566722
0.997259894876		0.000329011323
0.998253871772		0.000264830953
0.999026817684		0.000206295153
0.999578659168		0.000158228346
0.999909588287		0.000126411949
1.000019860211		0.000115264849