1.000004651617		0.00026717562
0.999897255664		0.000293530822
0.99957518464		0.000372870782
0.999038783209		0.00050599059
0.998288606382		0.000694122328
0.997325389652		0.000938796197
0.996150003391		0.001241648002
0.994763391121		0.001604174563
0.993166489771		0.00202743955
0.991360130655		0.002511727065
0.989344932206		0.003056177113
0.987121148677		0.0036582519
0.984688959532		0.004314794481
0.982048912219		0.005023637334
0.979201654562		0.005782602497
0.976147759098		0.006588834283
0.972887720871		0.007438755136
0.969422080306		0.008328500385
0.96575189927		0.009255772987
0.961878756609		0.010219924231
0.957804414935		0.01122070377
0.953530892138		0.012258569728
0.949060398408		0.013334454319
0.944394979031		0.014448275108
0.93953638417		0.015598350613
0.934486453193		0.016782984692
0.9292470902		0.018000366787
0.923820280006		0.0192486402
0.918208120271		0.02052604631
0.912412844304		0.021831034303
0.906436775422		0.023162071033
0.900282328713		0.024517655164
0.893952003399		0.02589628939
0.887448312443		0.027296159267
0.880773736814		0.028714909595
0.873930820714		0.030150075185
0.866922171705		0.031599080613
0.859750468398		0.033059275992
0.852418516025		0.034528214523
0.84492926984		0.036003789555
0.837285763762		0.037483896694
0.829491110542		0.038966441514
0.821548494348		0.040449307934
0.813461127738		0.04193012911
0.805232250157		0.043406266438
0.796865172024		0.044875044017
0.788363272811		0.046333740591
0.779730013045		0.047779663764
0.770968994567		0.049210527948
0.76208393284		0.050624331025
0.753078612214		0.052019105285
0.743956886204		0.053392932438
0.73472266583		0.05474387906
0.725379888909		0.056069788933
0.715932545986		0.057368452505
0.706384691289		0.058637692144
0.696740441105		0.059875363806
0.687003972789		0.061079364181
0.677179523561		0.06224763743
0.667271388329		0.063378174931
0.65728391765		0.064469015942
0.647221517841		0.065518269567
0.637088669378		0.066524325897
0.626889922818		0.067485885093
0.616629871246		0.068401733424
0.606313147321		0.069270743465
0.595944419616		0.070091866476
0.585528387531		0.070864102566
0.575069780498		0.071586522059
0.564573356464		0.072258283971
0.554043898837		0.072878636447
0.54348621241		0.073446898249
0.532905119147		0.073962427898
0.52230545807		0.074424668565
0.511692082492		0.074833153432
0.501069857626		0.075187527729
0.490443664507		0.075487812219
0.479818391317		0.075734412771
0.469198919136		0.075927833694
0.458590118735		0.076068671765
0.447996847274		0.076157582084
0.437423945452		0.076195146724
0.426876237583		0.076181969837
0.416358529497		0.076118740131
0.405875605721		0.076006223306
0.395432229868		0.075845060696
0.385033150548		0.075635522328
0.374683096945		0.075377915748
0.364386775133		0.07507264005
0.354148864779		0.074720193087
0.343974013712		0.074321228608
0.33386683402		0.073876547203
0.323831900812		0.073387037377
0.313873749102		0.072853677004
0.303996881862		0.072277345461
0.294205816994		0.071658087318
0.284505057534		0.0709957744
0.274899069735		0.070290439915
0.26539227883		0.069542281006
0.255989051486		0.068751817267
0.246693675493		0.067920031385
0.237510377418		0.067048066696
0.228443320781		0.066137199623
0.219496612651		0.065188740647
0.210674410663		0.064203058782
0.201980903935		0.06317992212
0.193420219188		0.062119373874
0.184996413662		0.06102173804
0.176713477673		0.059887551616
0.168575360413		0.058717347531
0.160585935375		0.057511888199
0.152748981331		0.056272247425
0.145068179582		0.054999774649
0.137547238539		0.053695330048
0.13018995802		0.052359018185
0.123000031084		0.050991374387
0.115981017999		0.049593435382
0.109136372236		0.048166541791
0.102469686457		0.046711167914
0.095984535418		0.045227777153
0.089684303892		0.043717567362
0.083572173444		0.042182417629
0.077651344388		0.040623943653
0.071925345712		0.039042439003
0.066397496952		0.037439007915
0.061070796859		0.035815825062
0.055947980474		0.034175795734
0.051032360553		0.032519944954
0.046327469542		0.030848831939
0.041836276049		0.029164814001
0.037561137062		0.027471878755
0.033504536086		0.025773600099
0.02967055269		0.024069959256
0.026062643558		0.022362969695
0.022683066023		0.020657531417
0.019533085174		0.018960494909
0.016616568497		0.017274035506
0.013938470672		0.015599496635
0.011500678821		0.013944179552
0.009301804622		0.012320213727
0.00734103673		0.010738448927
0.005628388463		0.009197493111
0.004169680249		0.007704301106
0.002961323748		0.006276945985
0.001989957694		0.004940645662
0.001238474455		0.003720240184
0.000691600912		0.002636642164
0.000324934866		0.001712950489
0.000117896806		0.000967769718
2.8996922e-05		0.000422293738
6.255881e-06		9.1374898e-05
4.673264e-06		-1.9196161e-05
6.365391e-06		-0.000130137404
3.2768761e-05		-0.0004619023
0.000149107997		-0.001004089119
0.000429036993		-0.001727838321
0.000918047854		-0.002596822146
0.001636449728		-0.003580175357
0.002591187738		-0.004655470876
0.00379516709		-0.005794662007
0.005246657851		-0.006983653283
0.006940829679		-0.008214835043
0.008882303817		-0.009469020534
0.011071516197		-0.010731968967
0.013503379188		-0.011999400145
0.016168006859		-0.013279258028
0.019058941576		-0.014576121798
0.022175941431		-0.015882112951
0.025517959623		-0.017190776513
0.029082666314		-0.018498756061
0.032866716815		-0.019805794354
0.036867737242		-0.021109259801
0.04108382172		-0.022405033315
0.045512500377		-0.02369063045
0.050150751501		-0.024965505027
0.054995322746		-0.026230185555
0.060043787708		-0.027482140431
0.065293746701		-0.028718439905
0.070742508162		-0.02993707079
0.076387107799		-0.031137029221
0.082224573407		-0.032317197656
0.088252176364		-0.03347497657
0.094467053408		-0.034608019418
0.10086616275		-0.035714535457
0.107446305559		-0.036793277539
0.114204294659		-0.037842566348
0.121136940461		-0.038860273625
0.128240925714		-0.039844613131
0.135512808619		-0.040794199612
0.142949045251		-0.041707966059
0.150546062292		-0.042584610193
0.158300213513		-0.043422927945
0.166207758297		-0.044222051201
0.174264869422		-0.044981462195
0.182467675014		-0.045700618161
0.190812308311		-0.046378324026
0.199294837141		-0.047013454351
0.207911255453		-0.047605108222
0.216657489729		-0.04815260486
0.22552941986		-0.04865521683
0.234522881353		-0.049112115162
0.243633651632		-0.049522636451
0.252857453685		-0.049886304537
0.262189961226		-0.050202824394
0.271626804631		-0.050472037695
0.281163574102		-0.050693943471
0.290795823271		-0.050868720725
0.300519073561		-0.050996727406
0.310328820132		-0.051078301266
0.320220534228		-0.051113167929
0.330189653293		-0.05110097945
0.340231581849		-0.051041501812
0.350341694883		-0.050934611112
0.360515344606		-0.05078052173
0.370747871866		-0.050579987956
0.381034608247		-0.050333948025
0.391370878478		-0.050043461808
0.401752003048		-0.049709699005
0.412173283689		-0.049333462348
0.422629997987		-0.048915168257
0.433117414106		-0.048455286834
0.44363079467		-0.047954374831
0.454165400167		-0.047413086837
0.464716504492		-0.046832402805
0.47527939535		-0.046213529111
0.485849369735		-0.045557751133
0.49642173566		-0.044866422008
0.506991812256		-0.044140930396
0.517554918916		-0.04338252358
0.528106383878		-0.042592425459
0.538641551253		-0.04177191053
0.549155783009		-0.04092230106
0.559644461928		-0.040044976661
0.570102997762		-0.03914141929
0.580526825444		-0.038213162716
0.590911405173		-0.037261770119
0.601252223754		-0.036288828223
0.611544804374		-0.035296029848
0.621784729548		-0.034285379904
0.631967620846		-0.033258952854
0.642089132618		-0.032218812652
0.652144952979		-0.031167010516
0.662130791651		-0.030105458543
0.672042352336		-0.029035669772
0.681875365289		-0.027959064197
0.691625598161		-0.026877056539
0.701288856733		-0.025791047449
0.710861008243		-0.024702614535
0.720338038946		-0.023613990181
0.729715993643		-0.022527502882
0.73899095543		-0.021445391332
0.748159046201		-0.020369803054
0.757216424524		-0.019302769593
0.766159276423		-0.018246121414
0.774983825177		-0.017201563143
0.783686336077		-0.016170704116
0.792263118451		-0.015155065069
0.800710535165		-0.01415614745
0.809025100353		-0.013176251704
0.817203415802		-0.012217940264
0.825242113621		-0.011283551682
0.833137854401		-0.010375179619
0.840887329083		-0.009494679916
0.848487257167		-0.008643641841
0.855934389604		-0.007823396446
0.863225514569		-0.007035048684
0.870357461616		-0.006279494668
0.87732710175		-0.005557399173
0.884131403256		-0.004869718126
0.890767512316		-0.004218549817
0.897232618271		-0.0036058644
0.903523917128		-0.003033115158
0.909638622127		-0.00250129539
0.915573970992		-0.002010952131
0.921327276157		-0.001562749276
0.926895905614		-0.001157250487
0.932277255698		-0.000794513981
0.93746875986		-0.000474084582
0.942467902502		-0.000195049344
0.947272227689		4.3988918e-05
0.951879344422		0.000245063394
0.956286953016		0.000410546256
0.960492858788		0.000543001593
0.964494978277		0.000645110949
0.968291341368		0.000719766254
0.971880109534		0.000769067341
0.975259559493		0.000793972638
0.978428053705		0.000795822865
0.981384049937		0.000776750536
0.984126120543		0.000739455294
0.986652965401		0.000687072913
0.988963421606		0.000623063165
0.991056467593		0.000551068599
0.99293122126		0.000474753499
0.994586934431		0.000397687161
0.996022984731		0.000323250996
0.997238865352		0.000254552755
0.998234173688		0.000194351542
0.999008599778		0.000144993552
0.999561915442		0.000108359049
0.999893965017		8.5820857e-05
1.000004658089		7.8214613e-05